2.381688e-06
1.894244e-01
3.431552e-03
4.703289e-02
1.588892e-01
6.186345e-02
5.751299e-02
7.267211e-02
9.126963e-02
1.784598e-02
1.709901e-02
5.393692e-02
6.125039e-02
4.417840e-02
5.644609e-02
7.937158e-02
3.598945e-02
1.993398e-02
2.512410e-02
5.254333e-02
6.592877e-02
4.696699e-02
7.745696e-02
1.245791e-01
1.621510e-01
3.472109e-02
4.895720e-02
4.996942e-02
7.182197e-02
1.037710e-01
9.398408e-02
3.932563e-02
4.527740e-02
2.727857e-02
2.643916e-02
2.621430e-02
2.432476e-02
4.197046e-02
9.829257e-02
2.646762e-02
2.705423e-03
2.568022e-02
3.761478e-02
2.770065e-02
3.691774e-02
1.911540e-02
