6.106673e-01
4.987937e-01
4.333666e-01
4.300584e-01
4.958080e-01
4.602130e-01
3.356775e-01
3.859396e-01
3.544985e-01
2.702058e-01
2.833152e-01
3.604750e-01
3.732232e-01
3.182667e-01
2.425594e-01
3.115208e-01
3.278219e-01
2.668656e-01
2.209557e-01
2.867979e-01
2.902032e-01
2.387187e-01
2.401887e-01
2.860682e-01
2.300748e-01
2.328717e-01
1.463674e-01
1.052885e-01
8.990117e-02
8.396276e-02
9.243213e-02
1.428964e-01
1.108679e-01
1.154313e-01
1.401098e-01
1.388302e-01
1.165633e-01
1.200762e-01
1.187488e-01
2.015898e-01
1.178533e-01
1.067025e-01
7.890532e-02
7.223974e-02
7.343521e-02
7.149822e-02
