7.888737e-03
5.627416e-03
6.376124e-03
7.330232e-03
6.540798e-03
4.396699e-03
6.839064e-03
6.063069e-03
3.235633e-03
2.580301e-03
3.765130e-03
3.960886e-03
3.357987e-03
2.972312e-03
4.310786e-03
3.791093e-03
2.891959e-03
2.651903e-03
2.712655e-03
2.833090e-03
2.342528e-03
1.867397e-03
2.738786e-03
2.386660e-03
1.892409e-03
2.604353e-03
1.806088e-03
9.372732e-04
6.021277e-04
6.385313e-04
6.824773e-04
1.267189e-03
8.389815e-04
1.029119e-03
1.988792e-03
1.193543e-03
1.267470e-03
1.166254e-03
1.186932e-03
1.858580e-03
1.255626e-03
1.029434e-03
5.765154e-04
5.573623e-04
5.773593e-04
1.376278e-03
