8.293375e-03
6.130804e-03
5.597819e-03
5.586876e-03
5.414495e-03
4.894864e-03
4.622869e-03
4.229534e-03
3.788918e-03
3.493603e-03
3.447555e-03
3.383175e-03
3.276356e-03
3.173517e-03
3.042205e-03
2.798878e-03
2.497973e-03
2.393893e-03
2.341030e-03
2.272877e-03
2.198447e-03
2.121227e-03
2.033521e-03
1.821383e-03
1.524055e-03
1.447341e-03
1.356915e-03
1.268494e-03
1.221659e-03
1.178413e-03
1.112152e-03
1.080081e-03
1.030248e-03
9.922611e-04
9.641882e-04
9.116062e-04
8.803183e-04
8.494874e-04
8.005392e-04
7.422059e-04
6.930137e-04
6.896167e-04
6.631806e-04
6.414951e-04
6.260558e-04
6.153984e-04
