-1.878851e-08
-1.065970e-03
-2.188000e-05
-3.447620e-04
-1.039262e-03
-2.719950e-04
-3.933350e-04
-4.406160e-04
-2.953150e-04
-4.604800e-05
-6.438000e-05
-2.136380e-04
-2.056780e-04
-1.313120e-04
-2.433270e-04
-3.009050e-04
-1.040800e-04
-5.286300e-05
-6.815300e-05
-1.488600e-04
-1.544400e-04
-8.770600e-05
-2.121380e-04
-2.973280e-04
-3.068560e-04
-9.042600e-05
-8.842100e-05
-4.683500e-05
-4.324600e-05
-6.626100e-05
-6.414200e-05
-4.983300e-05
-3.798690e-05
-2.807290e-05
-5.258200e-05
-3.128790e-05
-3.083090e-05
-4.894820e-05
-1.166666e-04
-4.919220e-05
-3.397000e-06
-2.643610e-05
-2.168550e-05
-1.543930e-05
-2.131480e-05
-2.630810e-05
