0.000000e+00
3.009747e+01
4.489719e+01
5.406777e+01
4.353416e+01
2.693831e+01
5.275957e+01
3.617205e+01
2.377864e+01
4.299133e+01
6.033327e+01
5.906072e+01
5.677456e+01
5.775351e+01
7.106490e+01
7.230836e+01
7.335027e+01
7.712630e+01
7.821091e+01
7.578887e+01
6.881699e+01
6.202066e+01
6.890537e+01
6.321513e+01
5.527337e+01
6.316791e+01
6.280567e+01
5.430557e+01
4.952056e+01
5.577485e+01
6.002191e+01
7.518924e+01
6.865390e+01
7.195944e+01
7.537708e+01
6.153443e+01
7.862069e+01
7.673955e+01
6.281325e+01
5.819837e+01
5.640337e+01
6.857932e+01
6.757728e+01
6.944263e+01
6.436934e+01
7.846245e+01
