   5.09200001         34.8837204    
   5.35599995         0.00000000    
   5.61999989         0.00000000    
   5.88399982         0.00000000    
   6.14799976         0.00000000    
   6.41200018         0.00000000    
   6.67600012         23.2558136    
   6.94000006         0.00000000    
   7.20400000         0.00000000    
   7.46799994         0.00000000    
   7.73199987         23.2558136    
   7.99600029         0.00000000    
   8.26000023         0.00000000    
   8.52400017         0.00000000    
   8.78800011         0.00000000    
   9.05200005         0.00000000    
   9.31599998         0.00000000    
   9.57999992         0.00000000    
   9.84399986         0.00000000    
   10.1079998         18.6046505    
