   2.47332931        0.111111112    
   2.73112321         3.33333325    
   2.98891711         9.33333302    
   3.24671125         7.14814806    
   3.50450516         6.03703690    
   3.76229906         4.96296310    
   4.02009296         3.92592597    
   4.27788639         6.51851845    
   4.53568077         4.66666651    
   4.79347420         5.00000000    
   5.05126858         6.37037039    
   5.30906296         5.25925922    
   5.56685638         4.25925922    
   5.82465076         4.40740728    
   6.08244419         4.25925922    
   6.34023857         5.81481504    
   6.59803200         8.18518543    
   6.85582638         6.70370388    
   7.11361980         3.37037039    
   7.37141418        0.333333343    
