   4.92000008         34.8837204    
   5.15999985         0.00000000    
   5.40000010         0.00000000    
   5.64000034         0.00000000    
   5.88000011         0.00000000    
   6.11999989         0.00000000    
   6.35999966         0.00000000    
   6.59999990         0.00000000    
   6.84000015         0.00000000    
   7.07999992         23.2558136    
   7.31999969         0.00000000    
   7.55999994         0.00000000    
   7.80000019         0.00000000    
   8.03999996         23.2558136    
   8.27999973         0.00000000    
   8.52000046         0.00000000    
   8.76000023         0.00000000    
   9.00000000         0.00000000    
   9.23999977         0.00000000    
   9.47999954         18.6046505    
